% map drawing commands
% the variables with numbers represent the lines with raised obstacles
% 'aru' is the start point
arux = [11 12 12 11 11]
aruy = [1 1 2 2 1]
ax =[0 2.3 2.3 0 0]
ay = [0 0 2.3 2.3 0]
a1x = [1 2.3 2.3 1 1]
a1y = [1 1 2.3 2.3 1]
bx = [1 1.8 1.8 1 1]
by = [4 4 5.1 5.1 4] 
cx = [1 2.1 2.1 1 1] 
cy = [6.2 6.2 7 7 6.2] 
dx = [2.9 4 4 2.9 2.9]
dy = [4 4 4.8 4.8 4]
ex = [3.2 4 4 3.2 3.2]
ey = [5.9 5.9 7 7 5.9]
fx = [4.3 9 9 4.3 4.3]
fy = [0.2 0.2 1.9 1.9 0.2]
f1x = [4.3 7.3 7.3 5.1 5.1 4.3]
f1y = [0.2 0.2 1 1 1.9 1.9]
gx = [9.5 12 12 9.5 9.5]
gy = [2.8 2.8 4.2 4.2 2.8]
hx = [9.3 12 12 9.3 9.3 10 11.3 11.3 10 10]
hy = [6.3 6.3 10 10 6.3 7 7 9.3 9.3 7]
ix = [14 14.5 14.5 15.1 15.1 14.5 14.5 14 14]
iy = [1.5 1.5 2 2 2.9 2.9 3.4 3.4 1.5]
lx = [16.7 19 19 18.3 18.3 17.4 17.4 16.7 16.7]
ly = [1 1 2.1 2.1 1.6 1.6 2.1 2.1 1]
mx = [16.7 17.4 17.4 18.3 18.3 19 19 16.7 16.7]
my = [2.9 2.9 3.4 3.4 2.9 2.9 4 4 2.9]
nx = [19 20 20 18 18 19 19]
ny = [7 7 10 10 9 9 7]
ox = [3 4.1 4.1 6.4 6.4 6.5 6.5 4.1 4.1 3 3]
oy = [8.7 8.7 8.3 8.3 8.8 8.8 10 10 9.7 9.7 8.7]
o1x = [4.1 4.2 4.2 4.1 4.1]
o1y = [8.7 8.7 9.7 9.7 8.7]
o2x = [5.5 6.5 6.5 5.5 5.5]
o2y = [8.8 8.8 10 10 8.8]

% points to position to scan the faces of obstacles
% point are divided by ostacles
% 'gen' is an array with all points
%		#a						#a1				#b 					#c					#d				  #e				#f									#f1				  #g												#h											 	#i											#l											 	#m									  #n				 #o								 	 #o1	 #o2
genx = [0.5 1.5 3.2 3.2 3.2 2.1 0.5 0.5 2.1 1.5 0.4 1.3 2.4 1.3 1.3 0.4 1.6 2.7 1.5 2.7 2.3 3.4 2.3 5 3.4 3.6 2.6 3.6 3.6 5 3.4 3.4 4.7 5.5 6.5 7.5 9.8 9.8 8.5 5.6 6 6.5 7.2 8.2 9.7 8.5 8.5 8.5 9.7 10.5 10.5 11.5 13 13 11.5 13 9.6 8.3 8.3 10.6 8.3 10.6 8.30 11.7 13 13 13 13 14.5 13 15.7 14.8 13 14.8 16 13 14.5 15.7 16 16.8 15.9 15.9 17 17.5 18.5 19.6 19.6 17.8 18.7 17 15.9 16.8 17.5 18.7 19.6 18.5 17.8 17 18 18 18.3 19.5 3.6 2.1 2.1 4.6 5.5 6.3 7.3 7.4 3.3 4.9 4.9 4.8 5.8 4.8 6.2]
%		#a				  #a1			   #b 				#c				  #d				#e					#f									#f1					#g												#h												#i										#l									  #m						#n				#o									#o1		#o2
geny = [3 3 0.5 1.5 2.1 3 1.5 2.1 0.5 0.5 4.5 3 4.5 5.8 5.8 6.7 5.5 6.7 8 6.7 4.4 3 4.4 4.3 5.4 5.4 6.5 5.4 7.8 6.4 0.7 1.5 2.8 2.8 2.8 2.8 0.7 1.4 2.8 1.9 1.6 1.9 1.9 0.6 2.1 2.9 3.5 4.1 5.1 1.9 5.1 1.9 2.9 3.5 5.1 4.1 5.4 6.6 7.3 7.4 8.9 8.9 9.5 5.4 6.7 7.3 8.9 9.5 0.8 1.8 1.8 1 2.5 4 2.5 3.2 4.2 3.2 2.5 0.5 1 1.5 2.5 0.5 0.5 0.9 1.5 2.5 2.5 2.5 3.5 5 5 2.5 3.5 5 2.5 9.5 7.5 8.4 8 6 7.8 8.8 9.3 7.5 7.5 7.5 8.6 9.5 8.3 8.9 9.4 8.9 8 9.5 8]

pax = [0.5 1.5 3.2 3.2 3.2 2.1]
pay = [3 3 0.5 1.5 2.1 3]

pa1x = [0.5 0.5 2.1 1.5]
pa1y = [1.5 2.1 0.5 0.5]

pbx = [0.4 1.3 2.4 1.3 1.3]
pby = [4.5 3 4.5 5.8 5.8]

pcx = [0.4 1.6 2.7 1.5 2.7]
pcy = [6.7 5.5 6.7 8 6.7]

pdx = [2.3 3.4 2.3 5 3.4 ]
pdy = [4.4 3 4.4 4.3 5.4]

pex = [3.6 2.6 3.6 3.6 5]
pey = [5.4 6.5 5.4 7.8 6.4]

pfx = [3.4 3.4 4.7 5.5 6.5 7.5 9.8 9.8 8.5]
pfy = [0.7 1.5 2.8 2.8 2.8 2.8 0.7 1.4 2.8]

pf1x = [5.6 6 6.5 7.2 8.2 ]
pf1y = [1.9 1.6 1.9 1.9 0.6]

pgx = [9.7 8.5 8.5 8.5 9.7 10.5 10.5 11.5 13 13 11.5 13]
pgy = [2.1 2.9 3.5 4.1 5.1 1.9 5.1 1.9 2.9 3.5 5.1 4.1]

phx = [9.6 8.3 8.3 10.6 8.3 10.6 8.30 11.7 13 13 13 13]
phy = [5.4 6.6 7.3 7.4 8.9 8.9 9.5 5.4 6.7 7.3 8.9 9.5]

pix = [14.5 13 15.7 14.8 13 14.8 16 13 14.5 15.7 16]
piy = [0.8 1.8 1.8 1 2.5 4 2.5 3.2 4.2 3.2 2.5]

plx = [16.8 15.9 15.9 17 17.5 18.5 19.6 19.6 17.8 18.7]
ply = [0.5 1 1.5 2.5 0.5 0.5 0.9 1.5 2.5 2.5]

pmx = [17 15.9 16.8 17.5 18.7 19.6 18.5 17.8]
pmy = [2.5 3.5 5 5 2.5 3.5 5 2.5]

pnx = [17 18 18 18.3 19.5]
pny = [9.5 7.5 8.4 8 6]

pox = [3.6 2.1 2.1 4.6 5.5 6.3 7.3 7.4 3.3]
poy = [7.8 8.8 9.3 7.5 7.5 7.5 8.6 9.5 8.3]

po1x = [4.9 4.9]
po1y = [8.9 9.4]

po2x = [4.8 5.8 4.8 6.2]
po2y = [8.9 8 9.5 8]

%execute the scatter commands first and then the line commands

scatter(genx, geny, '.', 'r')

line(arux, aruy)
line(ax,ay)
line(a1x,a1y)
line(bx,by)
line(cx,cy)
line(dx,dy)
line(ex,ey)
line(fx,fy)
line(f1x,f1y)
line(gx,gy)
line(hx,hy)
line(ix,iy)
line(lx,ly)
line(mx,my)
line(nx,ny)
line(ox,oy)
line(o1x,o1y)
line(o2x,o2y)